0.28051795959472514
0.00326099395751811
0.7623964309692397
0.999713516235353
1.1418157577514663
0.4472881317138686
0.13739051818847514
0.8715778350830092
0.9088760375976577
0.9337001800537124
0.9275966644287124
0.9433227539062514
0.9348016738891616
0.954847908020021
0.8355480194091811
0.16637268066406108
0.543027496337892
0.2715724945068345
0.5284029006958022
0.4136711120605483
0.6934457778930678
2.4370759963989244
2.4342102050781236
0.6572156906127944
0.12783584594726705
0.22596893310547017
0.22758064270019673
0.09679851531982564
0.23099956512451314
0.16614971160888814
0.19900856018066548
0.02728881835937358
0.022620582580564985
0.11554183959960795
0.728029632568358
0.8297342300415025
0.13112010955810405
0.15337524414062642
0.28625907897949077
0.250133895874022
0.49871978759765767
