0.5777973175048814
0.31632957458496236
0.22833290100097514
2.8245395660400376
0.4793447494506822
0.4898160934448228
0.6070608139038072
3.0332654953002915
0.7156080245971665
0.8696788787841783
0.12806358337402202
0.48139629364013814
0.17861900329589986
4.916095161437987
0.30166683197021626
0.16490993499756001
0.7226854324340835
0.23571071624756001
0.2399641036987319
0.4887920379638686
0.39895591735839986
2.7999633789062486
3.2036870956420884
0.46847400665283345
0.3056388854980483
0.20000400543212749
0.23110923767089986
0.46211185455322124
0.24876537322997905
0.29214324951171733
0.4910177230834947
0.8080095291137681
0.5176645278930678
0.13554039001464702
2.261385345458983
0.4510265350341811
0.38435516357422017
0.12479248046874858
0.06663265228271342
0.06625595092773295
2.611574554443358
0.4027360916137681
0.018309974670408735
0.18788280487060405
2.8177684783935533
0.09455261230468892
0.17246303558349751
1.1556154251098647
0.3369050979614272
0.2383619308471694
0.32452163696289205
0.31608161926269673
0.5939680099487319
0.3273826599121108
0.2458721160888686
0.27136383056640767
0.31779346466064595
0.6255811691284165
0.2285093307495103
0.23302612304687642
2.7760309219360337
0.23374614715576314
0.02954902648925639
0.2324443817138686
0.04575309753418111
0.018039321899415484
0.12083110809326314
0.1448911666870103
0.33906879425048686
0.08388099670410298
0.6882148742675795
0.12159404754638814
0.1941913604736314
0.03953399658202983
2.229031944274901
0.46816883087158345
0.14778556823730327
0.37921371459960795
0.4388660430908189
0.396007919311522
0.3994840621948228
3.0167621612548814
2.833628082275389
0.4308229446411147
0.5410676956176772
0.5043464660644545
0.17097053527832173
0.316509628295897
0.26599826812744
0.13000907897949077
0.37204208374023295
1.0176950454711928
0.6796926498413072
0.022087669372560015
0.2987152099609389
0.06800708770752095
0.4151720046997056
0.4858642578125014
0.19645748138427876
0.23747501373291158
