0.8318428039550767
1.0147527694702134
0.6606439590454087
0.45428314208984233
0.41528739929199077
2.9961208343505845
0.5400327682495103
3.336010360717772
0.47022857666015483
0.7429985046386705
0.522280120849608
0.34456291198730327
0.7404283523559556
0.33777275085449077
0.3778509140014634
0.37702121734619
0.5617002487182603
0.6876567840576158
0.6361392974853501
0.974564933776854
0.5882648468017564
2.33805694580078
0.8080295562744126
0.754833602905272
0.6271413803100572
0.5451063156127915
0.6643966674804673
0.4933885574340806
0.4539588928222642
0.37681617736816264
