0.52562770843506
0.5046468734741225
0.626021003723146
2.4528163909912095
0.6948190689086928
2.5196641921997056
0.7308202743530288
0.7472091674804702
0.808983421325685
2.2581047058105455
0.8767515182495131
0.8313184738159194
0.8268648147583022
0.8764797210693374
0.9081750869750991
2.1676057815551744
2.10684242248535
0.9548192977905288
0.9122329711914077
0.9467464447021499
0.9436613082885756
2.2774785995483384
0.9955793380737319
0.7541566848754897
0.002707862854002485
0.08366527557372905
3.0428308486938462
2.8136581420898423
2.859396362304686
0.01988945007324361
0.08259716033935405
0.032878494262696734
0.026621246337889204
0.03580036163329936
2.850708389282225
0.09301605224609233
0.1622241973876939
0.10976734161376811
0.09189071655273295
0.14004650115966655
0.27028026580810405
0.35486164093017436
0.2937263488769517
0.336193466186522
0.2633947372436509
0.24971427917480327
0.2853054046630845
0.20709457397460795
0.19188346862792827
0.018357658386229048
0.37885723114013814
0.18829288482665874
0.31688156127929545
0.5920499801635728
0.2823394775390611
0.06352481842041158
0.09954395294189311
0.16787948608398295
0.29006900787353374
0.3899436950683608
0.5290990829467788
0.3912443161010728
0.09523925781250142
0.010257339477540484
0.17025413513183452
0.08999767303466655
0.11577663421631001
0.20335140228271342
0.4027074813842759
0.07336082458495952
0.520676994323729
0.38201866149902486
0.046659088134767046
0.023507499694822798
0.044364356994627485
2.881216430664061
0.10708866119384908
0.47538700103759624
0.28424205780029155
0.2173418045043931
0.0893491744995103
2.9157251358032212
0.09629306793213033
4.604067230224608
2.878140830993651
0.08243980407714702
0.26094017028808736
0.15979824066162251
0.1910966873168931
0.261883163452147
0.12835559844970845
0.014849281311036577
0.3701501846313491
0.6698841094970689
0.42306365966796733
0.09731712341308452
0.18356742858886577
0.03546657562255717
0.19438209533691264
0.2829545974731431
