2.700070762634276
0.44650497436523295
2.791795158386229
0.2432054519653306
0.2406543731689439
0.2362293243408189
2.7089828491210923
2.6874631881713853
2.5924009323120103
2.564710998535155
0.4463285446166978
0.2392047882080064
0.30572471618652486
0.6700092315673842
0.009583854675291548
0.28617439270019673
0.05003395080566264
0.05192699432372905
0.3037971496582017
0.5837196350097642
0.2760404586791978
0.23063240051269673
0.04159507751464986
0.3286499023437486
1.3333171844482408
0.820350074768065
0.7906431198120103
0.8940977096557603
1.1431354522705064
0.47311248779296733
0.3557533264160142
0.9089559555053697
0.94623508453369
0.8399909973144517
0.8903259277343736
0.9209865570068345
0.9163803100585923
0.5366033554077134
0.3152412414550767
0.19968929290771342
0.1365751266479478
0.10563316345214702
0.026093101501466265
0.08109626770019673
0.08988914489746236
2.5121921539306626
0.09637298583984233
0.24067459106445455
0.3180450439453111
0.06349029541015483
0.060773468017579546
0.2038007736206069
0.013328170776368609
0.19666728973388814
2.6931756973266587
0.2311759948730483
2.6571649551391587
0.13875064849853658
0.03099498748779439
2.671217346191405
0.13351497650146626
0.035167312622071734
0.10146675109863423
0.03080425262451314
0.11801300048828267
0.04678783416748189
2.5849527359008775
0.6781250000000014
0.8710807800292955
1.3713926315307603
0.7555955886840806
0.23633422851562358
0.18200454711914205
0.10700283050537251
0.3984886169433608
0.00726642608642436
2.921623611450194
3.2509654998779283
0.3986448287963853
0.29714641571045064
0.41446151733398295
3.3157390594482408
0.7103687286376967
3.139380836486815
0.031929588317872515
2.9252666473388658
0.06814899444579936
0.18302497863769673
0.05396423339843892
0.13731060028076314
3.2692855834960923
0.43994846343994
0.7537645339965806
0.74085178375244
0.529207611083983
0.5233520507812486
3.331198120117186
0.514726066589354
0.5493730545043931
0.1982789993286147
